len xwnew: 62
myindex: 16
ID: 129
Rech: 226 208 8 262 210 228 243 154 229 169 261 244 209 225 173 689 129 242 172 227
Direction[0, -43, 10]
-----
226 208 8 262 210 228 243 154 229 169 261 244 209 225 173 689 127 242 172 227
226 208 8 262 210 228 243 154 229 169 261 244 209 225 173 689 125 242 172 227
226 208 8 262 210 228 243 154 229 169 261 244 209 225 173 689 123 242 172 227
226 208 8 262 210 228 243 154 229 169 261 244 209 225 173 689 121 242 172 227
226 208 8 262 210 228 243 154 229 169 261 244 209 225 173 689 119 242 172 227
226 208 8 262 210 228 243 154 229 169 261 244 209 225 173 689 117 242 172 227
226 208 8 262 210 228 243 154 229 169 261 244 209 225 173 689 115 242 172 227
226 208 8 262 210 228 243 154 229 169 261 244 209 225 173 689 113 242 172 227
226 208 8 262 210 228 243 154 229 169 261 244 209 225 173 689 111 242 172 227
226 208 8 262 210 228 243 154 229 169 261 244 209 225 173 689 109 242 172 227
226 208 8 262 210 228 243 154 229 169 261 244 209 225 173 689 107 242 172 227
226 208 8 262 210 228 243 154 229 169 261 244 209 225 173 689 105 242 172 227
226 208 8 262 210 228 243 154 229 169 261 244 209 225 173 689 103 242 172 227
226 208 8 262 210 228 243 154 229 169 261 244 209 225 173 689 101 242 172 227
226 208 8 262 210 228 243 154 229 169 261 244 209 225 173 689 99 242 172 227
226 208 8 262 210 228 243 154 229 169 261 244 209 225 173 689 97 242 172 227
226 208 8 262 210 228 243 154 229 169 261 244 209 225 173 689 95 242 172 227
226 208 8 262 210 228 243 154 229 169 261 244 209 225 173 689 93 242 172 227
226 208 8 262 210 228 243 154 229 169 261 244 209 225 173 689 91 242 172 227
226 208 8 262 210 228 243 154 229 169 261 244 209 225 173 689 89 242 172 227
226 208 8 262 210 228 243 154 229 169 261 244 209 225 173 689 87 242 172 227
226 208 8 262 210 228 243 154 229 169 261 244 209 225 173 689 85 242 172 227
226 208 8 262 210 228 243 154 229 169 261 244 209 225 173 689 83 242 172 227
226 208 8 262 210 228 243 154 229 169 261 244 209 225 173 689 81 242 172 227
226 208 8 262 210 228 243 154 229 169 261 244 209 225 173 689 79 242 172 227
226 208 8 262 210 228 243 154 229 169 261 244 209 225 173 689 77 242 172 227
226 208 8 262 210 228 243 154 229 169 261 244 209 225 173 689 75 242 172 227
226 208 8 262 210 228 243 154 229 169 261 244 209 225 173 689 73 242 172 227
226 208 8 262 210 228 243 154 229 169 261 244 209 225 173 689 71 242 172 227
226 208 8 262 210 228 243 154 229 169 261 244 209 225 173 689 69 242 172 227
226 208 8 262 210 228 243 154 229 169 261 244 209 225 173 689 67 242 172 227
226 208 8 262 210 228 243 154 229 169 261 244 209 225 173 689 65 242 172 227
226 208 8 262 210 228 243 154 229 169 261 244 209 225 173 689 63 242 172 227
226 208 8 262 210 228 243 154 229 169 261 244 209 225 173 689 61 242 172 227
226 208 8 262 210 228 243 154 229 169 261 244 209 225 173 689 59 242 172 227
226 208 8 262 210 228 243 154 229 169 261 244 209 225 173 689 57 242 172 227
226 208 8 262 210 228 243 154 229 169 261 244 209 225 173 689 55 242 172 227
226 208 8 262 210 228 243 154 229 169 261 244 209 225 173 689 53 242 172 227
226 208 8 262 210 228 243 154 229 169 261 244 209 225 173 689 51 242 172 227
226 208 8 262 210 228 243 154 229 169 261 244 209 225 173 689 49 242 172 227
226 208 8 262 210 228 243 154 229 169 261 244 209 225 173 689 47 242 172 227
226 208 8 262 210 228 243 154 229 169 261 244 209 225 173 689 45 242 172 227
226 208 8 262 210 228 243 154 229 169 261 244 209 225 173 689 43 242 172 227
226 208 8 262 210 228 243 154 229 169 261 244 209 225 173 689 41 242 172 227
226 208 8 262 210 228 243 154 229 169 261 244 209 225 173 689 39 242 172 227
226 208 8 262 210 228 243 154 229 169 261 244 209 225 173 689 37 242 172 227
226 208 8 262 210 228 243 154 229 169 261 244 209 225 173 689 35 242 172 227
226 208 8 262 210 228 243 154 229 169 261 244 209 225 173 689 33 242 172 227
226 208 8 262 210 228 243 154 229 169 261 244 209 225 173 689 31 242 172 227
226 208 8 262 210 228 243 154 229 169 261 244 209 225 173 689 29 242 172 227
226 208 8 262 210 228 243 154 229 169 261 244 209 225 173 689 27 242 172 227
226 208 8 262 210 228 243 154 229 169 261 244 209 225 173 689 25 242 172 227
226 208 8 262 210 228 243 154 229 169 261 244 209 225 173 689 23 242 172 227
226 208 8 262 210 228 243 154 229 169 261 244 209 225 173 689 21 242 172 227
226 208 8 262 210 228 243 154 229 169 261 244 209 225 173 689 19 242 172 227
226 208 8 262 210 228 243 154 229 169 261 244 209 225 173 689 17 242 172 227
226 208 8 262 210 228 243 154 229 169 261 244 209 225 173 689 15 242 172 227
